57.99999999999999
54.0
70.0
46.0
52.0
57.99999999999999
60.0
64.0
54.0
50.0
60.0
66.0
66.0
62.0
64.0
57.99999999999999
66.0
64.0
76.0
54.0
54.0
56.00000000000001
2.0
70.0
57.99999999999999
0
64.0
57.99999999999999
54.0
57.99999999999999
48.0
54.0
48.0
56.00000000000001
54.0
60.0
62.0
72.0
64.0
56.00000000000001
56.00000000000001
60.0
48.0
66.0
68.0
57.99999999999999
46.0
57.99999999999999
54.0
52.0
72.0
50.0
50.0
62.0
57.99999999999999
64.0
56.00000000000001
60.0
4.0
64.0
60.0
60.0
52.0
60.0
64.0
44.0
56.00000000000001
57.99999999999999
48.0
60.0
56.00000000000001
46.0
56.00000000000001
50.0
66.0
72.0
57.99999999999999
56.00000000000001
57.99999999999999
54.0
64.0
56.00000000000001
70.0
60.0
60.0
66.0
64.0
66.0
0
57.99999999999999
50.0
64.0
66.0
56.00000000000001
54.0
56.00000000000001
66.0
57.99999999999999
70.0
54.0
