66.0
64.0
74.0
62.0
57.99999999999999
68.0
68.0
64.0
52.0
54.0
68.0
66.0
72.0
62.0
70.0
60.0
62.0
66.0
62.0
54.0
66.0
56.00000000000001
68.0
60.0
62.0
64.0
54.0
52.0
54.0
68.0
54.0
62.0
50.0
56.00000000000001
64.0
48.0
0
70.0
64.0
66.0
68.0
56.00000000000001
66.0
68.0
68.0
64.0
68.0
52.0
54.0
54.0
62.0
70.0
54.0
68.0
50.0
74.0
70.0
56.00000000000001
46.0
56.00000000000001
0
72.0
54.0
50.0
62.0
57.99999999999999
76.0
62.0
60.0
64.0
56.00000000000001
46.0
57.99999999999999
60.0
66.0
68.0
56.00000000000001
68.0
68.0
48.0
66.0
64.0
70.0
0
50.0
66.0
72.0
68.0
64.0
68.0
54.0
66.0
64.0
52.0
57.99999999999999
66.0
70.0
56.00000000000001
54.0
64.0
