46.0
48.0
72.0
44.0
54.0
66.0
56.00000000000001
66.0
0
56.00000000000001
64.0
66.0
62.0
57.99999999999999
72.0
60.0
0
56.00000000000001
44.0
56.00000000000001
48.0
60.0
66.0
0
0
76.0
54.0
56.00000000000001
60.0
54.0
64.0
46.0
0
66.0
46.0
68.0
62.0
54.0
62.0
70.0
0
56.00000000000001
52.0
56.00000000000001
64.0
56.00000000000001
66.0
52.0
52.0
62.0
54.0
64.0
46.0
52.0
48.0
70.0
72.0
46.0
54.0
0
60.0
56.00000000000001
60.0
56.00000000000001
52.0
57.99999999999999
60.0
56.00000000000001
78.0
62.0
60.0
57.99999999999999
57.99999999999999
56.00000000000001
62.0
56.00000000000001
40.0
70.0
50.0
62.0
0
62.0
60.0
57.99999999999999
68.0
64.0
68.0
74.0
70.0
56.00000000000001
68.0
54.0
72.0
64.0
57.99999999999999
62.0
64.0
66.0
70.0
70.0
