40.0
52.0
56.00000000000001
52.0
40.0
52.0
38.0
56.00000000000001
40.0
48.0
57.99999999999999
54.0
44.0
48.0
50.0
44.0
26.0
28.000000000000004
32.0
0
44.0
56.00000000000001
50.0
57.99999999999999
46.0
42.0
57.99999999999999
52.0
40.0
44.0
52.0
34.0
38.0
36.0
40.0
48.0
57.99999999999999
28.000000000000004
44.0
50.0
52.0
0
40.0
57.99999999999999
42.0
48.0
42.0
24.0
42.0
50.0
40.0
60.0
50.0
44.0
0
32.0
68.0
40.0
54.0
34.0
36.0
56.00000000000001
38.0
34.0
48.0
44.0
54.0
50.0
66.0
64.0
0
38.0
32.0
44.0
46.0
70.0
40.0
54.0
38.0
44.0
40.0
56.00000000000001
50.0
50.0
42.0
0
62.0
54.0
46.0
46.0
32.0
52.0
46.0
56.00000000000001
56.00000000000001
46.0
46.0
48.0
54.0
46.0
