32.0
38.0
40.0
50.0
38.0
40.0
44.0
46.0
50.0
32.0
42.0
46.0
34.0
40.0
36.0
32.0
26.0
38.0
32.0
30.0
26.0
50.0
32.0
32.0
22.0
42.0
48.0
34.0
30.0
30.0
32.0
32.0
28.000000000000004
46.0
32.0
46.0
42.0
38.0
30.0
56.00000000000001
36.0
22.0
36.0
52.0
32.0
34.0
24.0
36.0
30.0
38.0
32.0
32.0
36.0
38.0
30.0
42.0
40.0
28.000000000000004
38.0
36.0
40.0
46.0
26.0
36.0
30.0
36.0
32.0
20.0
40.0
38.0
40.0
24.0
38.0
32.0
34.0
44.0
34.0
26.0
22.0
32.0
46.0
38.0
40.0
54.0
34.0
48.0
38.0
44.0
34.0
34.0
26.0
36.0
36.0
46.0
34.0
32.0
46.0
42.0
28.000000000000004
40.0
