82.0
86.0
98.0
88.0
88.0
88.0
76.0
88.0
88.0
84.0
88.0
80.0
84.0
84.0
92.0
84.0
74.0
90.0
84.0
86.0
84.0
80.0
60.0
86.0
76.0
92.0
84.0
88.0
86.0
84.0
78.0
84.0
82.0
86.0
76.0
80.0
76.0
82.0
88.0
86.0
86.0
80.0
92.0
86.0
82.0
94.0
86.0
82.0
86.0
80.0
86.0
96.0
86.0
88.0
84.0
88.0
92.0
86.0
84.0
88.0
84.0
90.0
72.0
82.0
88.0
86.0
82.0
86.0
74.0
90.0
92.0
72.0
86.0
78.0
82.0
88.0
76.0
88.0
84.0
78.0
78.0
88.0
84.0
92.0
80.0
90.0
90.0
86.0
88.0
86.0
80.0
80.0
88.0
88.0
80.0
90.0
90.0
86.0
84.0
88.0
