60.0
56.00000000000001
66.0
57.99999999999999
68.0
56.00000000000001
62.0
56.00000000000001
50.0
52.0
50.0
64.0
54.0
57.99999999999999
50.0
54.0
52.0
66.0
62.0
46.0
60.0
62.0
56.00000000000001
60.0
66.0
44.0
56.00000000000001
52.0
57.99999999999999
60.0
52.0
62.0
46.0
56.00000000000001
62.0
57.99999999999999
62.0
64.0
64.0
54.0
66.0
48.0
62.0
56.00000000000001
66.0
52.0
64.0
48.0
46.0
57.99999999999999
54.0
50.0
57.99999999999999
66.0
57.99999999999999
57.99999999999999
74.0
50.0
54.0
48.0
62.0
70.0
48.0
0
57.99999999999999
54.0
56.00000000000001
50.0
57.99999999999999
54.0
62.0
46.0
48.0
50.0
54.0
68.0
57.99999999999999
60.0
68.0
52.0
70.0
64.0
66.0
57.99999999999999
60.0
62.0
60.0
50.0
66.0
64.0
57.99999999999999
70.0
57.99999999999999
56.00000000000001
66.0
60.0
54.0
57.99999999999999
64.0
60.0
