68.0
60.0
66.0
66.0
56.00000000000001
66.0
68.0
84.0
62.0
54.0
74.0
0
68.0
54.0
72.0
0
50.0
62.0
0
36.0
62.0
0
2.0
0
0
56.00000000000001
62.0
57.99999999999999
56.00000000000001
57.99999999999999
0
74.0
56.00000000000001
57.99999999999999
60.0
0
0
72.0
66.0
56.00000000000001
80.0
57.99999999999999
46.0
0
64.0
0
60.0
66.0
64.0
68.0
74.0
64.0
57.99999999999999
56.00000000000001
0
62.0
72.0
66.0
66.0
68.0
70.0
0
62.0
54.0
64.0
64.0
0
64.0
62.0
54.0
68.0
68.0
70.0
78.0
74.0
0
57.99999999999999
76.0
62.0
74.0
52.0
70.0
76.0
0
60.0
62.0
0
66.0
62.0
0
64.0
72.0
0
60.0
56.00000000000001
60.0
0
64.0
68.0
60.0
