80.0
64.0
74.0
64.0
66.0
80.0
66.0
70.0
66.0
66.0
66.0
72.0
78.0
82.0
74.0
0
70.0
66.0
76.0
76.0
62.0
78.0
66.0
72.0
74.0
66.0
76.0
70.0
80.0
82.0
72.0
66.0
62.0
72.0
70.0
72.0
70.0
66.0
70.0
74.0
74.0
74.0
74.0
74.0
80.0
76.0
70.0
72.0
76.0
72.0
72.0
74.0
70.0
82.0
66.0
74.0
80.0
68.0
74.0
66.0
70.0
76.0
76.0
68.0
76.0
54.0
76.0
70.0
70.0
66.0
86.0
70.0
74.0
62.0
70.0
72.0
66.0
72.0
78.0
64.0
70.0
76.0
80.0
72.0
64.0
88.0
72.0
68.0
66.0
70.0
74.0
80.0
78.0
57.99999999999999
74.0
66.0
74.0
0
64.0
76.0
